 a2 = 0.000000000000 bohr
 b2 = 0.000000000000 bohr
 c2 = 1.000000000000 bohr
 d2 = 0.435930157731 bohr
 sQ2 = 6.204332249009 bohr
 a3 = 0.000000000000 bohr
 b3 = 0.000000000000 bohr
 c3 = 1.000000000000 bohr
 d3 = 0.222098298923 bohr
 sQ3 = 12.361077034956 bohr
