 a2 = 0.000000000000 bohr
 b2 = 0.000000000000 bohr
 c2 = 2.000000000000 bohr
 d2 = 0.220970844066 bohr
 sQ2 = 5.659216152100 bohr
 a3 = 0.000000000000 bohr
 b3 = 0.000000000000 bohr
 c3 = 2.000000000000 bohr
 d3 = 0.163998417414 bohr
 sQ3 = 12.025556050446 bohr
