 sQ2 = 5.178651965931 bohr
 sQ3 = 11.224982755067 bohr
 d2 = 0.000000000000 bohr
 d3 = 0.000000000000 bohr
 c2 = 1.000000000000 bohr
 c3 = 1.000000000000 bohr
 a2 = 0.000000000000 bohr
 a3 = 0.000000000000 bohr
 b2 = 0.000000000000 bohr
 b3 = 0.000000000000 bohr
