 a2 = 0.000000000000 bohr
 b2 = 0.000000000000 bohr
 c2 = 1.000000000000 bohr
 d2 = 0.000000000000 bohr
 sQ2 = 5.109924536864 bohr
 a3 = 0.000000000000 bohr
 b3 = 0.000000000000 bohr
 c3 = 1.000000000000 bohr
 d3 = 0.000000000000 bohr
 sQ3 = 11.125232519306 bohr
