 a2 = 0.000000000000 bohr
 b2 = 0.000000000000 bohr
 c2 = 1.000000000000 bohr
 d2 = 0.022125287228 bohr
 sQ2 = 5.067552124236 bohr
 a3 = 0.000000000000 bohr
 b3 = 0.000000000000 bohr
 c3 = 1.000000000000 bohr
 d3 = -0.007131303132 bohr
 sQ3 = 10.609566543659 bohr
